% -------------------------------------------------------------------
%  Generated by MATLAB on 12-Mar-2020 19:48:35
%  MATLAB version: 9.6.0.1072779 (R2019a)
% -------------------------------------------------------------------
DC_Motor_B = 1.2011e-05;
DC_Motor_J = 1.7848e-06;
DC_Motor_K = 0.0040474;
DC_Motor_L = 0.000265;
DC_Motor_R = 0.0031974;
