% -------------------------------------------------------------------
%  Generated by MATLAB on 12-Mar-2020 19:48:35
%  MATLAB version: 9.6.0.1072779 (R2019a)
% -------------------------------------------------------------------
                                               

DC_Motor_B = 1.3960426239382709E-5;

DC_Motor_J = 3.3062499304817511E-6;

DC_Motor_K = 0.0065203205391318854;

DC_Motor_L = 0.00027662676380840046;

DC_Motor_R = 0.0042949852544924994;

